-0.0104413462631653 0.00207538339232345
0.00569719627442413 0.0230797839905936
-0.00135054603880824 0.00105802367893711
0.0240161776050478 0.00456998805423414
-0.000392400027331692 -0.00077152935356531
0.00689739362450777 -0.00334000842366544
0.000280021587806661 -0.000347260283112762
-0.00743273208882405 0.00787639605630162
0.00188792299514343 0.0207524500865229
-0.0180495862889104 0.0102739243876377
0.0146555486156289 0.012079083983867
0.00153253338211898 -0.0123132342155804
0.0217261167036215 0.00983895570053379
0.00475509528899663 0.00219924803660651
-0.00709946430921815 -0.0146725002909224
0.00610726353489055 0.00521022742648139
-0.00934097631644252 -0.00158754604716016
-0.012536334002391 0.014645873119698
0.00291446235517463 -0.00766081999604665
-0.00443291873218433 -0.00430211753928547
1.10535163162413e-05 -0.00926109497377437
0.000743413241516641 -0.0017710396143654
-0.00589520946188072 0.00402011779486338
-0.00568668732818502 -0.00731748173119606
-0.00135178615123832 0.00830373167981674
0.011780869965732 -0.0120808278630447
-0.0152356680042976 -0.0104798441280774
0.00593946187628422 0.0144115770684428
0.00332950371213518 -0.0101584746530465
0.0106309983727636 0.00411974712317515
-0.00304183923634301 -0.0038107605110892
0.00370018809916288 0.00409401839650934
0.00267098790772231 0.0168887328620405
-0.0054252003099165 0.0158658843344197
0.0120786780598317 -0.00330907800682766
0.0116040261569495 -0.0228523553529247
0.00700213649514998 0.0249766158983416
0.0158683345454085 0.00667066166765493
0.00558486425565304 0.005413273359637
-0.0127659220845804 -0.000133995231459087
-0.00573265414236886 0.00510108422952927
-0.0122461261489836 -0.00164375831769667
-0.00473400636439312 0.00420694643254513
-0.00620366677224124 -0.00400246743977644
0.000421158731442352 -0.0137020787754746
-0.00910921648552446 0.00987838267454879
0.00158028772404075 0.0151974502549955
-0.00654584643918818 -0.00308740569225614
0.0176728726937265 -0.0125328975560769
0.00716707476017206 0.00642241305677824
0.00910174229495227 -0.000447091368939791
0.00384185357826345 -0.0173321840682484
0.0168217608051942 2.13185968026965e-05
-0.00635736453948977 -0.00630300333928146
-0.00461644730360566 -0.00340968579860405
0.0143228223854166 -0.0115657236263585
-0.00650696353310367 0.0180314190791747
-0.00207380743601965 -0.00331132036391221
-0.00392807929441984 -0.0160551341225308
-0.00319992868548507 0.00197193438739481
-0.00279113302976559 0.00263175646405474
0.00494188331267827 -0.00985826700409291
-0.00177330482269606 -0.0288892067167954
-0.00505957462114257 -0.00640481702565115
0.0134303882517041 0.00570507635920485
-0.00214579408546869 -0.000597232760426101
-0.00179556530043387 -0.000981787440052344
-0.00100190741213562 0.00560820728620116
0.00712666307051405 -0.0118645863857947
-0.000735644041263263 0.0109677704427424
-0.000376341714670479 -5.34402827816569e-05
-0.00681660478755657 0.00707310667398079
-0.00324270272246319 0.0103410773473746
0.000601604404345152 0.00223480414915304
-0.00588894486259664 -0.00878707612866019
0.00531496192632572 0.0116296455596733
-0.0151839408178679 -0.0200016494478548
0.00306557860789766 -0.00544790740001725
-0.0153644982353759 -0.00255670709156989
-0.00300976126836611 -0.00166121036765006
-0.00528279904445006 0.0102046390878411
-0.00652094780680999 0.00136221893102778
-0.000568967778473925 0.00407167603423836
-0.0191435942568001 -0.000696548130129049
0.0117658331201856 -0.00247664341619331
-0.01664972436212 0.0069555080661964
-0.00463530401472386 0.011462283572158
-0.0111592010504285 -0.0240309621489187
-0.00750819001193448 0.00572739555245841
0.0208716654562835 0.00374724406778655
0.000173956196932517 -0.00425267721556076
-0.0128630053043433 0.00951012807576816
-0.0164060553441858 -0.00389237181718379
0.00450187101272656 -0.00284330661799574
-0.00018559832714638 0.00857409778079803
-0.00318068374543844 0.017196272991206
-0.00929362147453702 0.00270054900937229
-0.0148746031014148 -0.0042218400978764
-0.0107519229661568 -0.0118911329485959
0.0100002880371391 -0.0033103297887901
-0.00621266694796823 -0.00939829326510021
-0.0138442684738449 -0.00258932583118785
0.0186929062242358 0.00394379168221572
0.00425100377372448 -0.00851857092023863
-0.00238647100913033 0.0264916688109488
0.0105848304870902 0.00156011675665079
0.00886422651374936 0.0113020726745494
-0.00619243048231147 -0.0228912397984011
0.0220610246454047 0.00741001157195439
-0.00255027030141015 -0.0131624516045156
-0.0142449465021281 0.00919803677609141
-0.00144399601954219 0.00398130155451956
